1.21148
2.18155
2.35352
2.47536
2.56769
2.62764
2.77429
2.93898
3.3541
3.4182
3.67981
3.65601
3.67185
3.65892
3.61275
3.60157
3.54728
3.56123
3.49893
3.55589
3.49229
3.54215
3.52324
3.51214
3.54312
3.47593
3.52049
3.45621
3.44691
3.45118
3.37878
3.43868
3.33912
3.38745
3.32388
3.33522
3.31766
3.27725
3.30733
3.22514
3.28971
3.2071
3.24397
3.24984
3.20763
3.29561
3.22823
3.32026
3.29793
3.30375
3.35935
3.29904
3.39119
3.34037
3.35905
3.40368
3.33512
3.43638
3.37446
3.43798
3.45778
3.43167
3.52795
3.46757
3.57626
3.55301
3.5876
3.65741
3.6044
3.72351
3.67374
3.74698
3.78995
3.77037
3.89983
3.84903
3.97409
3.98785
4.01837
4.13714
4.08883
4.21862
4.20907
4.24929
4.33737
4.29035
4.41648
4.38343
4.45749
4.51449
4.50148
4.64228
4.59823
4.71508
4.74819
4.76212
4.88177
4.84227
4.95211
4.9618
4.99075
5.08145
5.05052
5.17916
5.16091
5.22872
5.29952
5.27817
5.39943
5.37164
5.44118
5.48413
5.46867
5.56264
5.52682
5.59725
5.61839
5.61022
5.69908
5.65895
5.73315
5.74692
5.74857
5.8266
5.7896
5.85704
5.86189
5.85497
5.92763
5.87643
5.93271
5.94234
5.90496
5.97976
5.92622
5.96871
5.99416
5.95088
6.03095
5.99237
6.02259
6.0721
6.01716
6.0972
6.07448
6.06479
6.13285
6.0677
6.13181
6.13095
6.09763
6.17322
6.11946
6.17539
6.2037
6.15653
6.24252
6.20505
6.23096
6.29303
6.22809
6.29734
6.28602
6.26969
6.34548
6.28349
6.33543
6.3544
6.31152
6.40223
6.35812
6.37613
6.44068
6.37503
6.45035
6.45132
6.41466
6.49778
6.43846
6.4919
6.51814
6.45893
6.54675
6.49647
6.53786
6.59698
6.52584
6.61937
6.59326
6.59965
6.68199
6.61297
6.6914
6.68945
6.6774
6.76221
6.7014
6.79476
6.78398
6.78762
6.86524
6.81099
6.90682
6.89633
6.91693
6.99817
6.95429
7.03474
7.02525
7.04528
7.12086
7.07365
7.15795
7.15644
7.17647
7.2503
7.21018
7.28652
7.28274
7.28941
7.36335
7.33804
7.43254
7.42901
7.42698
7.47495
7.42554
7.49824
7.50007
7.53388
7.58667
7.55417
7.62529
7.60561
7.63508
7.66446
7.62849
7.70569
7.68252
7.73008
7.74662
7.72648
7.78286
7.73911
7.78201
7.78218
7.76899
7.83187
7.79775
7.89572
7.87578
7.90523
7.90915
7.89652
7.94983
7.89865
7.95849
7.9296
7.9627
7.98798
7.97637
8.05626
8.01306
8.06401
8.04523
8.04947
8.09004
8.03697
8.10121
8.0559
8.11833
8.12267
8.10633
8.1684
8.1207
8.19102
8.16691
8.16715
8.20878
8.16072
8.23079
8.18957
8.23238
8.25541
8.23956
8.32177
8.27731
8.34343
8.33657
8.31844
8.37415
8.32073
8.39284
8.36387
8.37679
8.41428
8.383
8.46791
8.4329
8.48499
8.50173
8.47023
8.54698
8.49323
8.54653
8.54592
8.50948
8.57207
8.53058
8.55015
8.59957
8.541
8.5971
8.60915
8.57164
8.65009
8.63024
8.62209
8.68269
8.63702
8.66174
8.70164
8.65639
8.72904
8.72892
8.68983
8.69102
8.73549
8.7333
8.68805
8.68287
8.73159
8.74874
8.70567
8.67805
8.71557
8.75105
8.72005
8.67438
8.69298
8.73972
8.72954
8.67897
8.67522
8.72435
8.74065
8.69704
8.67065
8.70886
8.74361
8.71272
8.66808
8.68736
8.73969
8.73412
8.68173
8.67284
8.72455
8.74666
8.69983
8.65897
8.68998
8.7346
8.7114
8.65347
8.65523
8.71027
8.71951
8.66095
8.62636
8.6696
8.71345
8.68054
8.61999
8.62917
8.68242
8.67724
8.60819
8.57694
8.62397
8.66016
8.61702
8.56008
8.57734
8.62974
8.61713
8.54912
8.52834
8.58103
8.61029
8.55817
8.50532
8.53208
8.5846
8.56751
8.50712
8.50525
8.56546
8.5876
8.53136
8.48991
8.53299
8.58535
8.55545
8.48869
8.49101
8.55371
8.56652
8.50159
8.45903
8.49887
8.54226
8.50656
8.44826
8.46433
8.52877
8.53395
8.47227
8.44953
8.50658
8.54945
8.50674
8.45236
8.4815
8.54651
8.5395
8.47081
8.45635
8.51532
8.53832
8.48529
8.45121
8.50157
8.55622
8.52389
8.45669
8.4643
8.5264
8.52849
8.46313
8.44797
8.51238
8.54716
8.49367
8.44535
8.48277
8.52834
8.49556
8.44629
8.48221
8.55542
8.54797
8.48125
8.47559
8.54149
8.56172
8.49833
8.4554
8.49991
8.54483
8.50516
8.4482
8.47391
8.53591
8.52505
8.46404
8.46769
8.54177
8.56625
8.49738
8.44276
8.48265
8.53425
8.49766
8.42919
8.44019
8.49949
8.49772
8.43788
8.42844
8.49003
8.51363
8.45827
8.4244
8.48225
8.54137
8.50422
8.43431
8.44713
8.51252
8.51337
8.45469
8.435
8.48937
8.53268
8.49959
8.44719
8.46784
8.53433
8.54593
8.49128
8.46385
8.51552
8.5723
8.55109
8.48446
8.47244
8.52577
8.55214
8.50899
8.47125
8.5088
8.57264
8.57201
8.51801
8.51693
8.58706
8.62565
8.58113
8.53377
8.56698
8.62345
8.60808
8.54411
8.53636
8.59237
8.61473
8.56974
8.5416
8.5874
8.63966
8.62052
8.57174
8.58809
8.65204
8.66282
8.60989
8.59227
8.65006
8.69925
8.67207
8.62589
8.64838
8.70345
8.69803
8.64123
8.62423
8.67433
8.70998
8.67454
8.63126
8.65561
8.70815
8.70279
8.65305
8.64577
8.69775
8.72785
8.68885
8.64719
8.67461
8.73021
8.7275
8.67611
8.66555
8.71614
8.74584
8.70809
8.66463
8.68924
8.74359
8.73844
8.68186
8.66461
8.7125
8.7466
8.7129
8.66912
8.68746
8.73718
8.73787
8.68395
8.68896
8.75119
8.75496
8.70363
8.72028
8.79175
8.79615
8.74067
8.7341
8.78963
8.79718
8.73667
8.71991
8.77788
8.80064
8.74428
8.71503
8.76543
8.79645
8.74952
8.7182
8.76576
8.80217
8.75885
8.73049
8.78702
8.83734
8.7976
8.75468
8.7981
8.84858
8.81547
8.77187
8.81152
8.85952
8.82583
8.79026
8.8394
8.88423
8.84085
8.80117
8.85162
8.89816
8.8538
8.8208
8.88125
8.93006
8.88479
8.84892
8.90479
8.95019
8.90449
8.86924
8.91941
8.96263
8.92463
8.89781
8.95841
9.00639
8.95569
8.90597
8.94865
8.98653
8.93243
8.89172
8.94018
8.97545
8.9348
8.92064
8.99244
9.03013
8.98071
8.9645
9.03433
9.06993
9.01441
8.98179
9.02923
9.05487
9.01074
8.99464
9.05433
9.08964
9.04618
9.02611
9.09101
9.13593
9.09014
9.05246
9.10051
9.14806
9.11127
9.06633
9.10128
9.14802
9.11942
9.07578
9.10824
9.16059
9.13901
9.09461
9.12507
9.18356
9.16925
9.12182
9.14812
9.20911
9.19499
9.14624
9.17403
9.23448
9.22053
9.18396
9.23094
9.29127
9.26538
9.23068
9.28341
9.33109
9.29119
9.26128
9.31892
9.36261
9.31976
9.2955
9.35583
9.3935
9.35058
9.33396
9.39613
9.42772
9.38023
9.36278
9.42128
9.4412
9.38839
9.38014
9.44057
9.45906
9.40916
9.40179
9.45948
9.46594
9.4141
9.42214
9.48314
9.48039
9.43296
9.47555
9.52773
9.48884
9.47694
9.5488
9.56427
9.51334
9.52832
9.58459
9.56619
9.52737
9.5697
9.6085
9.56665
9.55107
9.61331
9.63387
9.5821
9.58351
9.63995
9.63089
9.58414
9.6074
9.65294
9.62423
9.59506
9.64139
9.67228
9.62491
9.59718
9.6412
9.65045
9.59748
9.60234
9.65489
9.63684
9.58876
9.62327
9.66176
9.61647
9.59667
9.65371
9.65749
9.60224
9.60936
9.66205
9.6385
9.5837
9.61408
9.65785
9.61251
9.56344
9.60202
9.62812
9.5689
9.53986
9.59081
9.59537
9.52975
9.52666
9.58184
9.56526
9.49945
9.51036
9.55523
9.51761
9.46283
9.49199
9.52819
9.48297
9.44474
9.48758
9.50054
9.43586
9.42336
9.48963
9.48731
9.41127
9.43333
9.49424
9.44782
9.41002
9.48149
9.5055
9.44459
9.46219
9.53202
9.49143
9.43608
9.49735
9.53355
9.45848
9.43591
9.49706
9.48566
9.41951
9.44784
9.50685
9.46389
9.42346
9.49107
9.52656
9.46385
9.45616
9.53373
9.53738
9.46817
9.49534
9.56118
9.52124
9.4921
9.56252
9.58325
9.5161
9.5309
9.60054
9.56353
9.52207
9.59807
9.63189
9.56507
9.57458
9.65211
9.62403
9.58082
9.65423
9.68413
9.62104
9.63237
9.6993
9.66609
9.61126
9.66477
9.69698
9.63205
9.62692
9.69119
9.66996
9.62465
9.67556
9.71647
9.66622
9.66126
9.72934
9.72268
9.6763
9.71943
9.77444
9.72888
9.68589
9.73738
9.75892
9.69538
9.69341
9.7572
9.73917
9.68799
9.73435
9.7866
9.73388
9.69479
9.75416
9.77395
9.71529
9.72342
9.78721
9.76702
9.71879
9.76797
9.8135
9.76191
9.7457
9.8242
9.83609
9.77507
9.78601
9.85139
9.83499
9.77697
9.81745
9.86434
9.81978
9.80694
9.88045
9.89211
9.84172
9.86431
9.93502
9.92426
9.88353
9.92814
9.97054
9.93249
9.92574
9.99505
10.0115
9.96518
9.98807
10.046
10.0222
9.9924
10.0506
10.0869
10.0456
10.0534
10.1134
10.1051
10.0648
10.1036
10.1351
10.0929
10.0882
10.1346
10.1217
10.0934
10.1387
10.1605
10.1226
10.1418
10.1899
10.1632
10.1494
10.2102
10.2142
10.1662
10.1941
10.2324
10.1876
10.1804
10.2435
10.2393
10.1973
10.2369
10.274
10.2245
10.2095
10.2657
10.2544
10.1975
10.2152
10.2476
10.2055
10.1839
10.233
10.2299
10.1697
10.1706
10.2108
10.1826
10.1309
10.1503
10.174
10.1311
10.1029
10.1373
10.1393
10.0975
10.1016
10.1472
10.1371
10.0928
10.1105
10.1508
10.1196
10.0685
10.0901
10.1234
10.079
10.0378
10.073
10.0903
10.0383
10.0236
10.0781
10.0837
10.0164
10.0122
10.0612
10.0364
9.97616
9.99019
10.0211
9.9746
9.94126
9.98779
10.002
9.94828
9.95444
10.0096
9.99361
9.93691
9.95715
9.99581
9.95693
9.92858
9.97687
9.99613
9.94949
9.95155
10.0099
10.0031
9.95797
9.99576
10.0548
10.0176
9.97006
10.0155
10.0417
9.98107
9.96236
10.0144
10.0002
9.93862
9.96231
10.0152
9.97764
9.93821
9.98859
10.0177
9.96052
9.93958
9.98462
9.97159
9.91814
9.93951
9.98207
9.94931
9.92834
9.98021
9.99642
9.94829
9.96106
10.025
10.0142
9.9733
10.012
10.0573
10.0226
10.0007
10.0524
10.0699
10.0214
10.0275
10.0879
10.0749
10.0187
10.0452
10.0956
10.051
10.0008
10.0413
10.0697
10.0193
10.016
10.0729
10.0656
10.0168
10.0379
10.0745
10.036
9.99831
10.0345
10.0473
10.0029
10.0114
10.0588
10.0395
10.0098
10.056
10.0932
10.0493
10.0345
10.0951
10.1084
10.0604
10.0768
10.1338
10.1125
10.0636
10.098
10.1331
10.081
10.0408
10.087
10.1063
10.0498
10.0377
10.0897
10.0835
10.0231
10.0337
10.0859
10.0626
10.0127
10.0393
10.0716
10.0304
9.99867
10.0396
10.0495
9.99422
9.98395
10.0302
10.0239
9.97887
9.99883
10.0454
10.0195
9.9743
10.0048
10.0401
9.9994
9.97477
10.0224
10.0421
9.99156
9.97678
10.0244
10.0217
9.96404
9.96961
10.0161
9.9931
9.94042
9.96026
9.99319
9.95324
9.91898
9.95775
9.97716
9.92643
9.91064
9.95382
9.9507
9.90134
9.90885
9.94726
9.92075
9.86874
9.88409
9.91477
9.87883
9.85205
9.898
9.91855
9.87133
9.85866
9.90788
9.90672
9.85011
9.84462
9.89458
9.89046
9.83223
9.83464
9.88992
9.88179
9.82622
9.84091
9.89629
9.87693
9.81778
9.82859
9.87973
9.86671
9.81862
9.83631
9.88647
9.86759
9.8145
9.83031
9.87672
9.85268
9.79985
9.81929
9.86534
9.84212
9.79123
9.8053
9.84391
9.81916
9.78002
9.81275
9.85286
9.82033
9.78364
9.82095
9.86072
9.82816
9.80257
9.85223
9.89429
9.85739
9.82952
9.87914
9.91234
9.87206
9.85271
9.9029
9.92741
9.8788
9.8499
9.8896
9.90616
9.86038
9.84591
9.89738
9.91533
9.87019
9.85945
9.91082
9.92807
9.88324
9.87529
9.93029
9.94557
9.89602
9.87963
9.92361
9.9337
9.89044
9.89174
9.94247
9.94083
9.89288
9.89746
9.95381
9.96191
9.91587
9.91716
9.97709
9.98981
9.93777
9.92196
9.97331
9.99786
9.9548
9.93734
9.98751
10.0129
9.96945
9.94271
9.98357
10.0102
9.96511
9.92455
9.95603
9.98574
9.94638
9.90591
9.93173
9.96561
9.93902
9.90301
9.93012
9.97262
9.95177
9.91228
9.93604
9.98734
9.97845
9.93301
9.94126
9.98908
9.98541
9.93794
9.93225
9.97416
9.97855
9.93426
9.9249
9.97477
9.99855
9.95844
9.93619
9.98211
10.0229
9.99103
9.94605
9.96881
10.0146
9.99586
9.95404
9.97609
10.0291
10.0232
9.97981
9.9934
10.0462
10.0387
9.98169
9.98547
10.0414
10.0395
9.98108
9.97721
10.0248
10.0168
9.96086
9.95867
10.0018
9.99283
9.94979
9.96837
10.0245
10.0185
9.97322
9.98328
10.0345
10.0337
9.98906
9.97372
10.0135
10.0416
10.0114
9.97462
9.99389
10.0388
10.0381
9.99673
9.97295
10.0013
10.0392
10.029
9.97888
9.95192
9.97829
10.0157
10.0075
9.96225
9.93707
9.96175
9.99644
9.9882
9.94322
9.91592
9.9382
9.97427
9.97027
9.92778
9.90201
9.92583
9.9639
9.96133
9.91482
9.87947
9.89396
9.92849
9.92738
9.88629
9.85644
9.87464
9.91245
9.91415
9.87443
9.84458
9.86205
9.89994
9.90554
9.87226
9.84955
9.87497
9.91929
9.92572
9.88798
9.85779
9.87602
9.91604
9.92216
9.88517
9.85478
9.87514
9.92091
9.93063
9.89041
9.85289
9.86593
9.90699
9.91806
9.88092
9.83931
9.8443
9.88481
9.90039
9.86362
9.81904
9.81989
9.86047
9.88172
9.8534
9.81318
9.81477
9.85557
9.87887
9.8495
9.79866
9.78588
9.81722
9.84087
9.81878
9.77824
9.77312
9.8099
9.83817
9.8192
9.77579
9.764
9.7974
9.82747
9.81033
9.76642
9.7554
9.79542
9.83495
9.82136
9.77222
9.75028
9.78185
9.82166
9.81381
9.76861
9.74759
9.78121
9.82629
9.8227
9.77347
9.74306
9.77057
9.81544
9.81512
9.76494
9.73709
9.77278
9.82171
9.81185
9.75345
9.72246
9.75297
9.79166
9.77474
9.71976
9.70019
9.74157
9.78275
9.76212
9.70785
9.6935
9.73357
9.7628
9.73399
9.68291
9.67928
9.72646
9.75556
9.72078
9.66749
9.66636
9.71514
9.74062
9.70456
9.65567
9.65963
9.70799
9.7298
9.68957
9.64541
9.66096
9.71583
9.73489
9.69327
9.65726
9.68634
9.74687
9.75555
9.70349
9.67326
9.71305
9.7641
9.75089
9.69794
9.69335
9.7512
9.78996
9.75713
9.70811
9.72264
9.77836
9.78628
9.73292
9.69561
9.72924
9.78453
9.77792
9.71793
9.68899
9.72893
9.77923
9.76795
9.71543
9.69643
9.74012
9.78907
9.77794
9.72449
9.70261
9.74412
9.79298
9.78309
9.72966
9.70643
9.74813
9.8052
9.80826
9.75437
9.71503
9.7388
9.78553
9.78641
9.74472
9.69915
9.69507
9.73277
9.76627
9.75619
9.71362
9.6874
9.71095
9.76334
9.79189
9.77003
9.72136
9.69757
9.72551
9.77665
9.7968
9.7633
9.70881
9.68729
9.71828
9.76637
9.77849
9.74014
9.69023
9.68085
9.72176
9.76929
9.77299
9.72842
9.67998
9.67592
9.71891
9.76365
9.7627
9.71478
9.66907
9.6712
9.71771
9.75958
9.75247
9.70422
9.66267
9.66883
9.71261
9.74436
9.72883
9.67761
9.63868
9.64837
9.69043
9.71552
9.69342
9.64525
9.62189
9.64939
9.70145
9.72627
9.69961
9.64897
9.62592
9.65467
9.70602
9.7273
9.69649
9.64475
9.6249
9.65628
9.70447
9.71884
9.68542
9.63891
9.62848
9.66601
9.71126
9.7164
9.67352
9.62587
9.62274
9.66625
9.71033
9.70777
9.65895
9.61237
9.61472
9.66294
9.70614
9.69937
9.65052
9.60937
9.61854
9.66652
9.70056
9.68349
9.63018
9.59229
9.60697
9.65758
9.69069
9.67078
9.61616
9.58047
9.59838
9.65088
9.68499
9.66555
9.61124
9.57629
9.59509
9.64759
9.6785
9.65475
9.59869
9.56399
9.58235
9.6313
9.65811
9.63377
9.58149
9.55522
9.58034
9.62816
9.6488
9.62082
9.57345
9.55763
9.58995
9.63459
9.6438
9.60751
9.56155
9.55327
9.59156
9.63747
9.6436
9.60345
9.55558
9.5462
9.58276
9.62518
9.62816
9.58904
9.54562
9.54122
9.58105
9.62606
9.63186
9.5928
9.54732
9.54129
9.58095
9.62471
9.62657
9.58333
9.53434
9.5251
9.56271
9.6096
9.61915
9.57977
9.52813
9.51184
9.54171
9.58332
9.59252
9.55849
9.51523
9.50775
9.54494
9.58948
9.59614
9.55644
9.50857
9.49892
9.53439
9.57652
9.58127
9.54281
9.49979
9.49667
9.53631
9.57632
9.57357
9.52681
9.4784
9.47145
9.50653
9.54196
9.5376
9.49608
9.46146
9.47178
9.51805
9.55287
9.54163
9.497
9.46644
9.48363
9.53097
9.55903
9.5383
9.48896
9.46222
9.48679
9.53895
9.56601
9.53912
9.48263
9.4493
9.46665
9.51
9.52995
9.50365
9.45752
9.4405
9.47282
9.52371
9.54248
9.51144
9.46385
9.4498
9.48592
9.53812
9.55665
9.52546
9.47715
9.46205
9.49754
9.54926
9.56657
9.53186
9.47735
9.45367
9.47845
9.51979
9.53153
9.49865
9.454
9.44457
9.48201
9.53059
9.54238
9.50653
9.45932
9.44787
9.4842
9.53188
9.54375
9.5089
9.46206
9.45111
9.48785
9.53526
9.54499
9.50614
9.45529
9.43981
9.47003
9.51098
9.51974
9.48688
9.44467
9.43655
9.47246
9.51883
9.53169
9.5003
9.4583
9.45037
9.48842
9.53892
9.55612
9.52712
9.48213
9.46706
9.49997
9.55182
9.57403
9.54617
9.49486
9.46769
9.4882
9.53423
9.56008
9.54108
9.49704
9.474
9.49806
9.549
9.58014
9.56293
9.51531
9.48467
9.50088
9.5482
9.58184
9.56993
9.52424
9.4881
9.49536
9.53863
9.57576
9.57124
9.53115
9.49328
9.49388
9.53162
9.56911
9.571
9.53536
9.49703
9.4956
9.53571
9.57965
9.5857
9.54867
9.50609
9.50186
9.54247
9.58946
9.59803
9.56103
9.51541
9.50693
9.5458
9.59649
9.61145
9.57799
9.53053
9.51658
9.55116
9.60169
9.6208
9.59222
9.54578
9.52936
9.56005
9.60852
9.6295
9.60522
9.56262
9.54773
9.58038
9.63348
9.6598
9.63687
9.58767
9.56078
9.5827
9.63216
9.6623
9.64448
9.59583
9.56252
9.57482
9.61897
9.65179
9.64206
9.59935
9.56423
9.57009
9.61028
9.64494
9.64043
9.60237
9.56758
9.57123
9.61301
9.65691
9.6651
9.6314
9.58755
9.57503
9.60548
9.64909
9.66466
9.63693
9.59144
9.57065
9.59287
9.63608
9.65938
9.64046
9.59695
9.56953
9.58457
9.6292
9.66106
9.6504
9.60955
9.57914
9.59152
9.63882
9.67901
9.67697
9.63253
9.59106
9.59484
9.63858
9.67627
9.66854
9.62339
9.58707
9.59633
9.64219
9.67977
9.67281
9.62997
9.59815
9.61252
9.66069
9.6957
9.68458
9.6416
9.61355
9.6334
9.68448
9.71765
9.70091
9.65118
9.61841
9.635
9.68329
9.7141
9.69616
9.64787
9.61658
9.6315
9.67533
9.7027
9.68535
9.63991
9.61108
9.62649
9.66992
9.69796
9.68354
9.64522
9.62682
9.65285
9.70175
9.72828
9.70978
9.66639
9.64246
9.66344
9.70887
9.73318
9.71069
9.66392
9.63991
9.66182
9.70841
9.73463
9.71574
9.67213
9.64891
9.67016
9.71472
9.73776
9.71721
9.67766
9.66485
9.69758
9.74649
9.76478
9.73643
9.69171
9.67746
9.70804
9.75039
9.76042
9.72718
9.68383
9.67356
9.70392
9.74
9.74238
9.70781
9.66875
9.66312
9.69457
9.72824
9.7269
9.69119
9.65568
9.65559
9.69248
9.73233
9.73788
9.70489
9.66437
9.65428
9.6823
9.71872
9.72672
9.69709
9.65692
9.64387
9.6685
9.70496
9.71696
9.69237
9.65507
9.64219
9.66784
9.70875
9.72626
9.70523
9.66842
9.65394
9.67929
9.72263
9.74385
9.723
9.67837
9.65025
9.66287
9.7009
9.72488
9.70906
9.66743
9.63938
9.65069
9.6888
9.71589
9.70531
9.66675
9.63723
9.64512
9.68259
9.71367
9.70774
9.67048
9.6375
9.64089
9.67861
9.71489
9.7148
9.67796
9.63657
9.62638
9.6532
9.68748
9.69411
9.66536
9.62776
9.61706
9.64237
9.67778
9.68929
9.66465
9.6233
9.60199
9.61813
9.65201
9.66708
9.64518
9.60417
9.5805
9.5941
9.63021
9.65374
9.64128
9.60161
9.56886
9.57097
9.60214
9.62912
9.62324
9.58739
9.55268
9.54904
9.57823
9.61242
9.61928
9.59138
9.55263
9.53622
9.5551
9.58985
9.60662
9.58804
9.54934
9.52405
9.53442
9.57098
9.60044
9.59458
9.55655
9.51757
9.50914
9.53514
9.56921
9.57814
9.55049
9.50721
9.48335
9.49581
9.52802
9.54619
9.52938
9.48861
9.45743
9.45998
9.49018
9.51785
9.51576
9.4861
9.45843
9.46205
9.4978
9.536
9.54432
9.51659
9.47596
9.45638
9.4731
9.50782
9.5256
9.5077
9.4686
9.44148
9.44863
9.48188
9.51011
9.50666
9.47366
9.44071
9.43797
9.4681
9.50294
9.50977
9.48225
9.4467
9.43763
9.46653
9.51063
9.53279
9.51345
9.46843
9.43614
9.44241
9.47766
9.50683
9.50082
9.46442
9.42942
9.4259
9.45601
9.49231
9.50223
9.47701
9.43967
9.42422
9.44608
9.48686
9.51076
9.49745
9.46027
9.43473
9.44721
9.48961
9.52633
9.52614
9.48379
9.44104
9.43795
9.4734
9.50722
9.50235
9.46292
9.42965
9.43711
9.47725
9.50844
9.49905
9.45956
9.43286
9.44916
9.49306
9.52016
9.50503
9.4679
9.4546
9.48689
9.53735
9.5586
9.53249
9.48692
9.4689
9.49651
9.53838
9.54906
9.51792
9.47778
9.47265
9.51003
9.55111
9.55396
9.51814
9.47942
9.47763
9.51514
9.55336
9.55402
9.51653
9.48324
9.49307
9.53935
9.57811
9.57115
9.52432
9.48157
9.481
9.51966
9.55627
9.55239
9.51458
9.48312
9.49142
9.5318
9.56433
9.55795
9.5194
9.48734
9.49426
9.5318
9.56071
9.55128
9.515
9.49237
9.51152
9.55973
9.59402
9.5849
9.54442
9.51353
9.52326
9.56195
9.58861
9.5748
9.53355
9.50792
9.52472
9.56791
9.59496
9.58054
9.54268
9.52339
9.54559
9.58715
9.60587
9.58526
9.55028
9.54317
9.57765
9.62266
9.63494
9.60392
9.56213
9.55314
9.58684
9.62778
9.63324
9.59852
9.56018
9.559
9.59546
9.62833
9.62155
9.5804
9.54706
9.55639
9.59712
9.62448
9.60856
9.56868
9.55227
9.58165
9.63029
9.65059
9.62375
9.57786
9.55919
9.58484
9.62435
9.63303
9.59959
9.55938
9.55449
9.58706
9.62003
9.61776
9.58365
9.5532
9.55939
9.59666
9.62662
9.61848
9.58054
9.551
9.56112
9.60271
9.63412
9.62344
9.58134
9.54926
9.55868
9.59907
9.62816
9.61571
9.57455
9.54619
9.5593
9.60064
9.62891
9.61661
9.57617
9.54779
9.56012
9.60011
9.62696
9.6126
9.57102
9.54477
9.56148
9.60641
9.63641
9.62246
9.57941
9.55023
9.56428
9.60728
9.63484
9.61921
9.57432
9.5423
9.55249
9.59006
9.61325
9.59586
9.5523
9.52624
9.54331
9.58485
9.60797
9.58889
9.54855
9.52933
9.55251
9.59722
9.62136
9.60244
9.55833
9.53073
9.54516
9.58539
9.60955
9.59105
9.54668
9.51836
9.53188
9.57231
9.59843
9.58483
9.54571
9.5199
9.53409
9.57469
9.6016
9.58809
9.54714
9.51902
9.53156
9.57393
9.60783
9.6017
9.56279
9.52742
9.52792
9.56488
9.60616
9.61557
9.5858
9.54693
9.53707
9.56656
9.60655
9.61911
9.59194
9.54968
9.53173
9.55505
9.59731
9.61844
9.59896
9.55999
9.54189
9.56681
9.61583
9.64554
9.63035
9.58511
9.55078
9.55797
9.59837
9.63284
9.62827
9.58826
9.54846
9.54411
9.57705
9.61516
9.6228
9.59249
9.55083
9.53551
9.55989
9.60113
9.6218
9.60362
9.56349
9.53907
9.55465
9.59807
9.63212
9.62795
9.58695
9.54518
9.53955
9.57305
9.61277
9.62076
9.5905
9.55058
9.53839
9.56707
9.6133
9.63815
9.62294
9.58255
9.55373
9.56347
9.60428
9.64098
9.64203
9.6084
9.56852
9.55775
9.587
9.63325
9.65911
9.64315
9.59618
9.55395
9.54732
9.57697
9.61396
9.62457
9.59851
9.55628
9.53303
9.54804
9.58838
9.62
9.616
9.57641
9.53504
9.52695
9.55772
9.59748
9.60878
9.58226
9.54323
9.53028
9.55784
9.60095
9.62023
9.59773
9.55229
9.52473
9.53794
9.57589
9.60083
9.58877
9.55244
9.53013
9.54753
9.59195
9.6243
9.61629
9.57645
9.5442
9.55158
9.59176
9.62469
9.61793
9.58029
9.55264
9.56651
9.61097
9.644
9.63424
9.59168
9.55823
9.56557
9.60344
9.63102
9.61949
9.58431
9.5682
9.59457
9.64268
9.66924
9.65126
9.60896
9.5865
9.60661
9.64633
9.66228
9.63696
9.59836
9.58916
9.62121
9.66206
9.66973
9.63665
9.59766
9.59328
9.62636
9.65741
9.65065
9.61401
9.58935
9.60738
9.6523
9.67854
9.65885
9.61497
9.5933
9.61626
9.65794
9.67219
9.645
9.60824
9.60472
9.64324
9.68704
9.69193
9.65187
9.60928
9.60733
9.6453
9.68059
9.67512
9.63918
9.6161
9.63624
9.68208
9.70832
9.68995
9.64607
9.62241
9.64324
9.68536
9.70385
9.67845
9.63744
9.62625
9.65977
9.70762
9.72384
9.69462
9.65032
9.6344
9.66159
9.70158
9.71138
9.68251
9.64832
9.65027
9.69383
9.74079
9.74847
9.71214
9.66467
9.64952
9.67827
9.72006
9.7326
9.70277
9.6599
9.64725
9.67833
9.72243
9.73639
9.70523
9.65511
9.63024
9.64972
9.6882
9.70288
9.6772
9.63694
9.62377
9.65612
9.70817
9.7329
9.70948
9.66083
9.63273
9.6514
9.6952
9.71741
9.69296
9.64302
9.6146
9.63515
9.68538
9.71622
9.6958
9.64186
9.60269
9.6111
9.65293
9.68197
9.66644
9.62173
9.59388
9.61316
9.66432
9.7014
9.69067
9.64488
9.61182
9.62747
9.67836
9.7145
9.70136
9.65238
9.61483
9.6261
9.67386
9.70754
9.69099
9.63681
9.59453
9.60002
9.63916
9.66598
9.64942
9.60533
9.58045
9.60378
9.65535
9.68512
9.66452
9.61615
9.58909
9.61108
9.66114
9.69018
9.6713
9.62673
9.60549
9.63389
9.68577
9.71062
9.68273
9.62699
9.59538
9.61455
9.65924
9.67935
9.65226
9.60723
9.59256
9.62663
9.67787
9.69645
9.66364
9.61243
9.59496
9.62773
9.67457
9.68461
9.64562
9.59837
9.59293
9.637
9.68645
9.69141
9.64562
9.59289
9.58308
9.61777
9.65256
9.64556
9.60072
9.56389
9.57288
9.61902
9.6558
9.64574
9.60073
9.56766
9.58177
9.63037
9.66408
9.65
9.60336
9.5713
9.58762
9.63521
9.66467
9.64566
9.59509
9.56182
9.57576
9.61824
9.64432
9.62713
9.58495
9.56425
9.59125
9.64492
9.67642
9.65757
9.60779
9.57602
9.59382
9.6434
9.67437
9.65582
9.60619
9.57667
9.59828
9.65028
9.68264
9.66457
9.61371
9.57996
9.59519
9.6421
9.67231
9.65638
9.61
9.57906
9.5944
9.64062
9.67212
9.65621
9.60543
9.56759
9.57625
9.61893
9.64954
9.63553
9.5905
9.55837
9.57088
9.61494
9.64609
9.63114
9.57853
9.53182
9.52816
9.56252
9.59281
9.58275
9.54109
9.50998
9.52214
9.56733
9.60184
9.59356
9.55209
9.51968
9.53074
9.57584
9.61071
9.60147
9.55827
9.52556
9.53937
9.5913
9.63432
9.62837
9.57979
9.53455
9.53375
9.57339
9.61016
9.60558
9.56379
9.52718
9.53442
9.5816
9.62754
9.63106
9.58692
9.53808
9.53117
9.56912
9.61032
9.61104
9.56331
9.52353
9.53932
9.59646
9.6312
9.60395
9.54547
9.51799
9.54646
9.59057
9.59391
9.54807
9.50484
9.51272
9.55777
9.58398
9.55791
9.50838
9.49317
9.52765
9.56678
9.56139
9.51731
9.4856
9.50451
9.55294
9.57542
9.54419
9.48982
9.46801
9.49672
9.53408
9.53058
9.48936
9.45899
9.47829
9.52997
9.55825
9.53309
9.48289
9.46358
9.49759
9.5455
9.55043
9.50634
9.46321
9.47122
9.52476
9.56802
9.55467
9.49904
9.46176
9.48105
9.53049
9.55056
9.51724
9.468
9.46113
9.50877
9.56168
9.56294
9.51639
9.46724
9.46343
9.50563
9.54622
9.54193
9.4976
9.46334
9.48074
9.53818
9.58143
9.56845
9.51081
9.46535
9.47427
9.52265
9.55558
9.5359
9.48361
9.45499
9.48154
9.53439
9.55656
9.52364
9.4681
9.44685
9.47833
9.52183
9.52565
9.48329
9.44098
9.44687
9.49776
9.5417
9.53347
9.48229
9.4439
9.46083
9.51295
9.53984
9.51054
9.45647
9.43687
9.47534
9.52935
9.53871
9.49343
9.44263
9.44201
9.49005
9.53092
9.51876
9.46953
9.44351
9.47707
9.54244
9.57724
9.54922
9.48968
9.46195
9.49307
9.54428
9.55554
9.51199
9.46038
9.45652
9.50519
9.55499
9.55306
9.50356
9.45538
9.45619
9.50245
9.54365
9.53622
9.48837
9.45097
9.46532
9.51863
9.55762
9.54336
9.4896
9.44782
9.45734
9.50601
9.54195
9.52857
9.48112
9.45082
9.47278
9.52759
9.56312
9.54582
9.49132
9.45364
9.46848
9.51556
9.54305
9.52124
9.47199
9.44698
9.47423
9.52831
9.55656
9.53308
9.48238
9.45761
9.48544
9.53696
9.559
9.52962
9.47877
9.45872
9.49017
9.54129
9.56106
9.52956
9.47631
9.45183
9.47697
9.5227
9.53999
9.51099
9.46732
9.4581
9.49965
9.55652
9.57633
9.54203
9.48764
9.46615
9.49677
9.54623
9.56378
9.53116
9.48028
9.46168
9.49293
9.54188
9.55958
9.52757
9.47548
9.45285
9.47964
9.52539
9.54105
9.51066
9.46745
9.4601
9.50208
9.55495
9.56831
9.53039
9.4776
9.46061
9.49335
9.53754
9.54467
9.50503
9.45846
9.45316
9.49354
9.53712
9.53886
9.49792
9.45575
9.45494
9.49506
9.53319
9.52951
9.48929
9.45843
9.475
9.53133
9.58006
9.57822
9.52637
9.483
9.49407
9.54464
9.57681
9.555
9.5064
9.49001
9.52704
9.57835
9.58937
9.54783
9.49893
9.49466
9.53648
9.57542
9.56678
9.52218
9.49454
9.52059
9.57947
9.61252
9.58727
9.52999
9.49949
9.52287
9.5648
9.57216
9.5339
9.4946
9.50241
9.55406
9.59837
9.59069
9.54352
9.51302
9.5353
9.5855
9.60714
9.57781
9.53397
9.53005
9.57604
9.62453
9.62411
9.5688
9.55097
9.60127
9.6481
9.62881
9.58521
9.59972
9.66508
9.69497
9.65157
9.60172
9.62065
9.67572
9.68059
9.63159
9.61686
9.67064
9.71898
9.69645
9.64868
9.65818
9.71644
9.73594
9.69187
9.66568
9.71352
9.77717
9.77229
9.71692
9.69336
9.73218
9.76815
9.74586
9.70616
9.72036
9.77916
9.80512
9.76706
9.72938
9.75492
9.8108
9.81868
9.77369
9.75212
9.79484
9.84966
9.8469
9.80147
9.79273
9.84319
9.88645
9.86872
9.83257
9.84903
9.91143
9.94573
9.91777
9.88062
9.89986
9.95523
9.97232
9.9348
9.90728
9.94089
9.99648
10.0034
9.95985
9.93275
9.96526
10.0129
10.0115
9.96509
9.95642
10.009
10.0499
10.0237
9.97855
9.98972
10.0461
10.0678
10.0314
10.0031
10.0383
10.0878
10.08
10.0327
10.0286
10.081
10.1134
10.0833
10.0485
10.0759
10.1322
10.1375
10.0913
10.0698
10.1118
10.157
10.1405
10.0955
10.1023
10.1565
10.1765
10.1345
10.0974
10.1244
10.1743
10.1712
10.1294
10.1299
10.1867
10.2254
10.1969
10.1521
10.1675
10.2214
10.2291
10.1861
10.1757
10.2308
10.2748
10.2477
10.1995
10.213
10.2711
10.2821
10.227
10.193
10.2348
10.2892
10.2723
10.2184
10.2183
10.2761
10.3041
10.2633
10.2291
10.2692
10.3306
10.3233
10.2633
10.2407
10.2834
10.3141
10.2805
10.238
10.2601
10.318
10.3233
10.2669
10.2406
10.2893
10.3393
10.3148
10.266
10.2836
10.3471
10.3628
10.3156
10.2911
10.3387
10.3895
10.3709
10.326
10.3441
10.41
10.4289
10.377
10.3369
10.3718
10.423
10.4067
10.3494
10.3439
10.3987
10.4237
10.374
10.3236
10.3477
10.4097
10.4131
10.3576
10.3497
10.4141
10.4489
10.4032
10.3562
10.3884
10.4402
10.4179
10.3569
10.362
10.4208
10.4318
10.3775
10.3509
10.4027
10.4437
10.4015
10.352
10.3877
10.4564
10.4448
10.3754
10.3674
10.4342
10.4651
10.4129
10.3671
10.4038
10.4533
10.4264
10.3645
10.3722
10.4354
10.4474
10.3892
10.3652
10.4196
10.4603
10.4193
10.361
10.3783
10.4297
10.4147
10.3458
10.3307
10.3878
10.4131
10.3599
10.3189
10.3604
10.4184
10.4002
10.3386
10.3394
10.3948
10.4023
10.3426
10.3112
10.3591
10.4023
10.3654
10.3108
10.3292
10.3853
10.3806
10.3157
10.2962
10.3522
10.3838
10.3331
10.2863
10.3226
10.3771
10.3558
10.3037
10.3218
10.3924
10.4018
10.3346
10.3027
10.3583
10.409
10.3707
10.3117
10.3357
10.4005
10.3931
10.323
10.309
10.3714
10.4006
10.3436
10.2966
10.336
10.3902
10.3681
10.3109
10.3178
10.3732
10.3805
10.3265
10.304
10.352
10.3844
10.3455
10.3083
10.35
10.4123
10.3959
10.327
10.3149
10.3699
10.3842
10.3246
10.291
10.3415
10.3878
10.3481
10.2888
10.3111
10.374
10.3686
10.3046
10.2925
10.3515
10.3763
10.3215
10.282
10.3285
10.3858
10.3582
10.2908
10.294
10.356
10.3616
10.292
10.2548
10.3014
10.3374
10.2866
10.2269
10.2513
10.307
10.292
10.2286
10.2212
10.279
10.2999
10.2453
10.2033
10.2454
10.2931
10.2547
10.1847
10.1896
10.254
10.2628
10.1974
10.1686
10.2255
10.2742
10.2297
10.1632
10.1833
10.2514
10.2489
10.1791
10.1662
10.2368
10.2704
10.2093
10.1551
10.1927
10.2449
10.2142
10.1487
10.1619
10.2252
10.22
10.1466
10.1261
10.1862
10.2069
10.1388
10.0943
10.1453
10.1934
10.1485
10.0944
10.1332
10.2033
10.186
10.1173
10.1243
10.1957
10.2044
10.1273
10.0892
10.1446
10.1787
10.118
10.0596
10.0988
10.1524
10.1123
10.0485
10.0767
10.1391
10.1162
10.0446
10.0516
10.1244
10.129
10.0602
10.0528
10.1279
10.1551
10.0926
10.0694
10.1371
10.1705
10.1083
10.0688
10.1232
10.1619
10.1087
10.0647
10.1151
10.1582
10.1049
10.0466
10.0864
10.135
10.0889
10.0419
10.0933
10.1565
10.1239
10.0681
10.1025
10.1702
10.1494
10.0889
10.1155
10.1975
10.1965
10.126
10.1445
10.2127
10.1926
10.1311
10.1625
10.2263
10.19
10.1279
10.1715
10.2395
10.2027
10.1491
10.198
10.2544
10.2067
10.1462
10.1796
10.2209
10.179
10.1496
10.2063
10.2407
10.193
10.1702
10.2307
10.256
10.1966
10.1786
10.2443
10.2556
10.1841
10.1573
10.2158
10.229
10.1691
10.1645
10.238
10.2571
10.1888
10.168
10.2363
10.2683
10.2132
10.1902
10.2528
10.2813
10.2196
10.1778
10.2241
10.2486
10.1881
10.1532
10.2087
10.2494
10.1994
10.1536
10.1924
10.2351
10.1963
10.1512
10.1919
10.2473
10.219
10.1739
10.2102
10.2699
10.2509
10.2002
10.2257
10.285
10.2674
10.2136
10.2383
10.2992
10.2837
10.2262
10.2477
10.3162
10.3026
10.2367
10.2439
10.3073
10.3058
10.2438
10.2325
10.2898
10.3057
10.2513
10.2336
10.2893
10.3198
10.2681
10.2224
10.2561
10.2968
10.2618
10.209
10.2248
10.2732
10.2613
10.2119
10.2206
10.2705
10.2639
10.2109
10.2147
10.2808
10.3013
10.2501
10.2266
10.2795
10.3206
10.2805
10.2278
10.2522
10.2971
10.2733
10.2266
10.2512
10.3078
10.2951
10.24
10.2451
10.3049
10.3156
10.2538
10.2119
10.2469
10.2835
10.2449
10.1913
10.2088
10.2592
10.2511
10.1999
10.201
10.2565
10.2723
10.2227
10.1998
10.2489
10.2883
10.2519
10.2028
10.2248
10.271
10.2512
10.1988
10.205
10.2552
10.2562
10.2077
10.1859
10.2289
10.2651
10.2338
10.1837
10.1952
10.2513
10.264
10.21
10.1648
10.1906
10.2376
10.2212
10.1596
10.1407
10.1853
10.2177
10.1835
10.1353
10.1489
10.2073
10.2241
10.1754
10.1391
10.1737
10.2264
10.2156
10.1541
10.1329
10.1816
10.2194
10.1826
10.1195
10.1168
10.1673
10.1803
10.1271
10.0782
10.0992
10.1476
10.1412
10.0834
10.0648
10.1154
10.1585
10.1292
10.0713
10.0731
10.1299
10.1504
10.0991
10.0507
10.0739
10.1284
10.1302
10.0792
10.0476
10.0829
10.1336
10.1228
10.0622
10.0384
10.0799
10.1153
10.0834
10.0242
10.019
10.0736
10.1105
10.0768
10.024
10.0316
10.0862
10.1038
10.0564
10.0097
10.0273
10.0741
10.0732
10.0216
9.98327
10.004
10.0473
10.0488
10.0005
9.96941
9.99841
10.0429
10.0351
9.98091
9.94965
9.97999
10.0252
10.0171
9.96691
9.94754
9.98897
10.0345
10.023
9.97124
9.95297
9.99282
10.032
10.0122
9.95766
9.94385
9.98853
10.0278
10.0066
9.95584
9.94905
9.99648
10.0286
9.99816
9.94601
9.94512
9.99424
10.0212
9.98714
9.94454
9.95889
10.0122
10.028
9.98691
9.95004
9.97286
10.0255
10.0345
9.9863
9.94629
9.96693
10.0112
10.011
9.96805
9.93644
9.95558
9.99828
10.0085
9.97076
9.93383
9.9454
9.98897
10.0063
9.97298
9.93004
9.93185
9.9735
9.99678
9.9685
9.92674
9.92941
9.97348
9.99871
9.97109
9.92612
9.92047
9.95894
9.98752
9.96613
9.9234
9.91829
9.95965
9.99239
9.97283
9.92586
9.91194
9.94861
9.98535
9.97136
9.92063
9.89476
9.92099
9.96027
9.95787
9.90765
9.88498
9.92281
9.96573
9.95166
9.90963
9.9112
9.96203
9.99086
9.95839
9.91326
9.92315
9.97057
9.9805
9.93447
9.89786
9.92259
9.97121
9.97045
9.91419
9.90906
9.96719
9.98612
9.93382
9.90786
9.95459
9.98461
9.94451
9.91632
9.96151
10.0109
9.98735
9.9472
9.9769
10.0269
10.005
9.95405
9.97139
10.0257
10.0171
9.96365
9.96664
10.0241
10.0333
9.98065
9.97407
10.0342
10.0615
10.0163
9.99768
10.051
10.0832
10.0463
10.0314
10.0886
10.1285
10.0905
10.0622
10.1101
10.1492
10.1124
10.0738
10.1109
10.156
10.1257
10.0862
10.1225
10.1749
10.1557
10.1142
10.1451
10.1975
10.1798
10.1297
10.1489
10.2047
10.1954
10.1501
10.178
10.2383
10.2229
10.1789
10.2122
10.2676
10.2459
10.2151
10.2684
10.3176
10.2787
10.2441
10.2994
10.3438
10.2947
10.2663
10.3224
10.3524
10.31
10.3109
10.3704
10.3732
10.3336
10.3652
10.4273
10.4103
10.3755
10.4255
10.4689
10.4231
10.3899
10.4409
10.4686
10.4211
10.4201
10.4876
10.4929
10.4444
10.4697
10.5306
10.5083
10.4678
10.5144
10.5565
10.5102
10.4901
10.5518
10.5661
10.5127
10.5258
10.5935
10.5832
10.5402
10.5852
10.643
10.6061
10.5797
10.6419
10.6713
10.6215
10.6238
10.6868
10.6833
10.6304
10.6486
10.6996
10.6739
10.6338
10.6755
10.718
10.6811
10.6661
10.729
10.7506
10.7002
10.7087
10.7768
10.7718
10.7234
10.7501
10.8002
10.7725
10.7395
10.7872
10.8268
10.7898
10.7756
10.8397
10.8672
10.8155
10.8028
10.8691
10.899
10.8514
10.8517
10.92
10.9371
10.8857
10.8932
10.9597
10.9568
10.9071
10.925
10.9853
10.9811
10.9328
10.9505
11.0089
10.9968
10.9465
10.9706
11.0268
11.0082
10.9694
11.0095
11.0586
11.0273
10.9881
11.0306
11.0744
11.0371
11.0108
11.0623
11.0915
11.0465
11.0319
11.089
11.1103
11.0664
11.0707
11.1377
11.1446
11.1003
11.1415
11.2135
11.1853
11.1478
11.2065
11.2529
11.2104
11.2118
11.2847
11.2938
11.2473
11.2761
11.3356
11.3085
11.2798
11.3375
11.3697
11.3133
11.3005
11.3679
11.3801
11.3258
11.3433
11.3974
11.3745
11.3415
11.3884
11.4178
11.3847
11.4038
11.481
11.49
11.4501
11.4833
11.5461
11.5208
11.4672
11.4991
11.5422
11.5033
11.4831
11.548
11.5729
11.518
11.52
11.5853
11.5773
11.5235
11.552
11.6039
11.5704
11.5297
11.5641
11.582
11.54
11.5455
11.5999
11.5869
11.541
11.5719
11.6218
11.5873
11.5428
11.5823
11.6229
11.5813
11.5642
11.6216
11.6339
11.5868
11.5948
11.6521
11.6496
11.5946
11.6157
11.664
11.6274
11.5872
11.6286
11.6476
11.5952
11.5822
11.6259
11.61
11.5617
11.5914
11.6388
11.6033
11.5749
11.6299
11.6513
11.5973
11.5868
11.6302
11.6177
11.5794
11.6196
11.66
11.6159
11.5917
11.6439
11.6518
11.5964
11.6096
11.6727
11.6443
11.6016
11.6597
11.7139
11.6622
11.6342
