5.058747669586438e-06
-9.650683680908626e-07
-7.476673611332555e-07
3.011676466403802e-07
-5.128632465730323e-07
-4.972350391694719e-06
-9.200641907550193e-07
-1.638960088121352e-06
-6.032197928698995e-07
1.947299208115581e-06
4.292481372337796e-06
-2.393183928223159e-07
-1.236011348671569e-05
1.215477874439843e-06
3.747717711665117e-05
3.291060182729337e-05
-4.813591047440301e-05
-0.0001236479401168205
-0.0001593001931134298
-0.002287953363465119
-0.00946968979810103
-0.03778882147140683
-0.005608122799836559
0
0
0
0
-7.119861309975309e-11
1.351112607387495e-09
-1.59693690420446e-09
-4.996389431605456e-09
-2.603868619674022e-09
7.922112559981886e-11
2.663215665857046e-12
2.093118728880918e-09
-7.538081277893392e-10
2.267811352135278e-09
3.503430759982922e-09
8.50722056134231e-10
-1.092255467819483e-09
9.086831690977714e-10
-3.128287777882602e-09
-3.347434799184054e-09
1.162331756459638e-09
-1.574352275127084e-09
-4.450724928806243e-09
-2.728422083295951e-10
6.371543621856305e-09
5.611234018281961e-10
1.627563549718357e-09
7.111827861418601e-09
-2.176400724041566e-09
1.84282233042151e-09
1.584605824858284e-09
-1.77374545409761e-08
-1.461816869254777e-08
4.424501074468938e-09
-3.925089575106416e-09
5.008192824344825e-09
3.22351262862861e-09
-1.118707140208458e-09
3.661476186470048e-10
1.159886303416158e-08
1.012256354671614e-08
-1.273439602429521e-08
2.867936254451534e-09
-3.844595379212393e-09
-1.556161019543294e-09
-1.433831956671738e-09
9.910316403329277e-11
-3.933191986081619e-09
5.670223746619639e-10
1.21599207407196e-09
2.14324561082357e-09
-1.594498981069802e-09
-5.044409067626136e-09
3.063469002380093e-09
4.000231766042754e-09
3.630471348972754e-09
-4.332082390504455e-11
-1.778825914423856e-10
1.49691624820949e-08
-9.880895305036639e-10
-2.085385644026727e-09
-1.564937810287339e-08
-4.261839140707873e-09
1.716774805446954e-10
5.565781877050448e-09
-8.666257047635772e-09
1.414142163228671e-09
3.922528818446634e-10
9.499061596625283e-09
-7.098185974217901e-09
1.15235910943189e-09
-4.673014874312976e-09
6.655760936607203e-10
7.167371872303364e-09
-1.839100017905049e-09
-1.835505811012037e-08
2.889667687815457e-08
1.396187726423116e-08
-1.383887834959816e-08
1.185281340346492e-09
2.016855967097374e-08
-1.990335553801255e-08
-1.111981264649233e-08
-5.271057257299362e-09
-1.499858922713386e-08
-2.17169154079782e-09
1.739357265247306e-08
-1.123074668853625e-09
1.529865093660592e-09
1.730667753954811e-08
-2.778180121571173e-12
-5.096042244360278e-09
-6.172924838351104e-09
-4.234818822166699e-09
-8.232458598975467e-09
7.061820792425254e-09
-3.459637385929472e-11
1.735024909676722e-09
8.241213791799096e-09
1.589538043314945e-08
-8.592408384921301e-09
1.882463204462801e-09
-3.771261482092523e-09
-1.119092864381123e-08
-6.212166106828479e-09
6.961835142105585e-10
2.684385017594061e-09
-1.822093741688081e-09
9.825831797611803e-09
7.752538722180967e-09
-8.796688092530389e-09
-8.333347456164952e-09
-1.08024826628259e-08
-1.61152061327178e-09
6.589275647681639e-09
1.773459322834245e-08
1.820546516513516e-08
1.573984353268649e-08
-3.654690879419648e-09
-1.757138232983146e-08
-3.728207152373483e-09
-3.862908470308489e-08
-2.915041070569416e-08
-5.834256871665529e-09
3.100182590054653e-08
-5.077461020369807e-10
4.517833230477257e-08
-1.375702787338644e-09
-9.98823001890346e-09
1.1320251873524e-08
-8.249876339127112e-09
-1.641995786952656e-08
1.763899508503341e-09
2.898398056901717e-08
-1.142599657443311e-08
4.940010105751586e-08
-8.376023304393452e-09
-1.751910411159218e-08
-1.088438529215916e-08
3.326935940259711e-08
-1.093660363120291e-07
2.26646145386906e-08
-1.569678043954555e-09
1.196489756790119e-08
2.461450785629633e-08
-8.449036573402527e-09
4.670674632973758e-08
3.641015925605845e-08
-1.602147928303215e-08
1.668689092682911e-10
3.696648555313533e-08
3.738402970859859e-08
-2.507762358153411e-08
1.300637960438994e-07
-1.116387407919112e-07
-9.062756946210188e-08
9.724688043716411e-08
7.431709618962762e-09
-6.929762145120989e-08
1.18868684587027e-07
2.593104157579891e-07
1.182344020699659e-07
-4.167587875407162e-06
2.286912543330993e-06
1.644487821849958e-05
1.715812075066629e-05
1.155949867733631e-05
-1.072921788011034e-05
-9.044170931955209e-05
-0.0003348188020728754
-0.001860111548709768
0.004264475069375759
-0.01935239252350478
0.182238787176
-0.01543086721521908
1.477067779946958
2.236035899285143
-10.7940158669765
9.72863175936391
-42.7806535655681
14.90294373694515
68.59180958588387
6.791789036706018
50.41911196686459
-15.77278322867343
-59.20076156272575
43.25057678025041
49.72026906103273
63.57663941751426
-53.95577222040795
-7.013109070363097
-55.79677965583463
-71.40626560210725
-44.86456070406884
7.232977116923184
42.3790434632498
136.2575260044751
83.02307117443638
60.83857307289867
319.117063831116
8.202457931766238
-124.8392097230773
-104.1557039490248
6.043077150465818
149.6300553258549
423.1272738253761
-164.7427097054838
103.9328185122606
526.4529837356688
-181.6838586546879
39.11037001514831
94.90304552386124
274.8947922943805
65.53783363544281
-201.3178821852085
-62.34556787052668
222.1232399834668
319.5677402717546
-153.5484331892225
672.4868502668375
1192.768105537876
120.267513227485
815.2435761515794
-522.4241679831133
-7.548265763555251e-06
-3.228589574121019e-06
1.800632058148093e-06
-1.193565167020187e-06
-8.645001044563632e-07
2.857813681729288e-06
7.677609892051263e-07
-2.93647957354022e-06
-1.257604179269933e-06
-1.037800551446424e-06
3.198630681424976e-06
-6.987237649066556e-08
-4.994611554908203e-06
-4.612514467697303e-06
6.120118081009247e-07
3.690164370583233e-05
2.258314526970253e-05
-7.453679525114961e-05
-1.293658535688127e-05
-0.002191479211536553
0.002286483434311065
-0.03517128186559364
0.001393063578440329
0
0
0
0
-1.394915275940011e-09
-4.869769647017964e-09
-3.595064948453856e-09
-2.280037827559172e-09
-4.975462703703935e-09
-1.07876076353351e-09
2.586101006447698e-09
1.274553598830525e-09
1.243900888984177e-09
1.41238069395019e-09
-9.362247081689807e-10
-1.775519807693826e-10
1.460092706823796e-09
-5.165537605953113e-09
-1.588625010868466e-09
9.497734442849723e-10
5.382871428500197e-09
-4.253006191977649e-09
6.616328535529229e-09
-3.443214995311685e-09
5.031326714136688e-09
4.836211415533177e-09
-2.923835571880364e-10
-1.567648387819823e-08
4.77345051494884e-10
-3.322348952176094e-09
-6.138188043846401e-09
-8.152257830623704e-10
1.253836462683321e-08
1.811666815837429e-08
6.924186026879231e-09
6.863506063303003e-10
-9.625645443828581e-09
5.019807763022349e-09
-9.656808607354906e-09
-1.517283088872977e-08
-8.683149239197151e-09
6.555561597167283e-09
9.697326361140513e-09
5.603169776697915e-09
-8.01113386681707e-10
6.512371589998483e-09
-4.740157466373568e-10
-3.755838745761131e-09
-7.389241889044729e-09
-5.222204717992788e-09
-1.415607080624079e-09
7.031521392152934e-09
-2.83628676140582e-09
6.430846522159284e-11
9.716313138767138e-09
8.97036712030507e-09
-5.739342002821513e-09
-5.788051703987199e-09
-1.107880293225654e-09
-6.285048917986628e-09
-6.904089033845389e-10
-3.789118749173066e-09
-7.763226600371572e-09
1.041576002263956e-08
7.228275648253021e-09
-4.225443439488912e-09
4.772231954406224e-10
5.798389532692185e-09
-5.954072732924535e-09
-1.633807758063355e-09
-1.328197310332627e-09
-3.681595824901151e-09
-7.971831838415345e-10
1.238945706671113e-08
-1.013874839101453e-09
-2.666481267780033e-09
8.499407827687335e-09
-1.038903823944526e-08
-1.13897957778214e-08
1.261439646615009e-09
1.681989652114901e-09
-1.951708914873112e-08
1.345266996111005e-08
-1.63021525180989e-09
1.286118729632905e-08
2.192882108700815e-09
4.148310561396726e-10
-7.486883896574991e-09
1.621937223370395e-09
-2.959576771514682e-10
-3.130615081979188e-09
1.259379525575368e-09
-1.984809939827116e-09
7.740687698650416e-09
5.66631909842505e-10
3.265659729695721e-09
-1.11760591126861e-08
6.633049541538916e-09
-4.931339529166483e-09
1.385065083689343e-09
-5.660127611247921e-09
1.057632995023989e-09
-2.09320201657526e-09
3.712670568053792e-09
4.823950529343076e-09
-6.123488199407935e-09
4.22044312630132e-09
3.835544288119603e-10
5.295527020016126e-09
-2.818888232153851e-09
2.414895198596747e-09
-8.665002790567778e-09
3.476261904012005e-09
-5.398230509996165e-09
2.697152603159292e-09
4.587745328209641e-09
1.824367661986317e-08
-2.449905584988513e-09
-6.015719770535769e-09
-2.933326822778065e-09
-3.911171411985354e-10
-2.444955746769696e-08
-2.208856664642514e-08
1.593686893828695e-08
2.456927402292801e-09
3.108440284716349e-08
-2.142734414570636e-08
4.050699306934921e-08
-9.374297045683035e-09
-5.585369528030403e-09
1.208255307641666e-08
-2.354644205141841e-08
4.566575609118453e-10
-2.733484359405103e-09
5.854721427596438e-09
-3.378045429484702e-08
2.338557565963711e-08
9.274777388335137e-10
-1.38022285843084e-08
4.086667845088231e-08
1.051718920018953e-08
1.892723742037982e-08
-5.523040857505861e-08
1.629060638582646e-08
-9.026374853300397e-08
9.990581662118347e-08
7.910316889305563e-09
1.154294385531421e-07
6.533973802876029e-08
1.024175132764036e-07
1.118840499324745e-09
6.079849398567543e-08
-1.666424017400971e-07
-1.398004758895787e-07
-1.018458839868579e-07
6.57953735247769e-08
2.836885230310791e-07
-1.486971181853099e-07
1.927220300693311e-07
1.571243477710392e-06
1.489491707334456e-06
-1.845998815177833e-06
-3.819040229200132e-06
-1.319250506169881e-05
-1.985245813092791e-05
-4.040493438111918e-05
-0.0002363463819265227
-0.0009629691398296139
-0.003612637856082479
-0.01090912853204386
-0.02886521898457536
-0.03468785081126358
0.1154125169273483
1.100754419347183
5.288020849442954
12.08439995410712
19.11317763889636
-42.50728801808992
-218.6762046593367
-240.9784197528344
261.8695028228187
454.3464923789602
235.6600698441498
185.4382798468418
177.7032451880627
-521.1512522714283
-322.5634058322321
262.8613345231532
455.6301007224241
-467.7275352453391
14.1270997385601
-94.21747095198774
-217.5079968478349
-26.10641802057792
-664.5965176921486
-401.1172889062664
-511.6432365176608
-242.176669820305
-479.4547895953926
-712.0002368711403
-531.3856026184643
177.4310582688979
397.6793418388041
424.2549180352532
317.9841265401409
113.1491849088945
372.8919968044656
218.1613529720882
-455.3675800594252
-321.9400291428942
362.9096005324635
-752.3838007091197
-450.5583251510069
90.87681385735641
-398.2412488166315
-1100.144470625573
-941.8057096937207
-813.1561890088622
-223.4634248740691
-677.7832115045574
-105.7193478827452
-395.2598320400008
1549.315904208494
444.5289605030688
-6.051334085171418e-06
2.860255074604864e-06
-6.648601527651565e-07
-1.571919629422452e-07
6.646329790226909e-06
1.944770286990258e-06
-4.421806646966368e-06
-2.347904885577348e-06
-4.621413541337439e-06
-1.128440885977951e-06
-2.838249144592065e-06
7.061614165286432e-06
6.798563074422211e-06
-1.634494392416927e-05
-3.483300591974643e-05
7.780667090935825e-06
5.525449083993053e-05
9.562905494150447e-05
0.000601902627453485
0.001671643376972752
0.05349312606929142
0.02761875491443928
0.03090036308719423
0
0
0
0
-2.423463097019294e-09
5.167951759935979e-10
1.121825789363339e-09
-3.569071213239096e-09
5.292570980678047e-10
-1.338877570627596e-10
8.277797783796185e-10
6.309885323192037e-10
2.952258902751008e-09
-2.173340745801219e-09
-1.812836494608272e-09
3.389741306916368e-09
-4.844553825778764e-09
-3.934396078630339e-09
1.413180619022801e-09
1.471588501953094e-09
-1.301602928437986e-09
1.058829137880161e-08
-1.551510431604826e-09
-5.709405076717817e-09
8.3591588833152e-09
-9.05315640521053e-09
-9.293274580015643e-09
6.884781426270943e-09
3.982244367407163e-09
-9.91758994295648e-09
2.709690761650443e-08
2.772280328266822e-09
-1.540069780516104e-08
-4.047221812782663e-09
1.407662075646027e-08
-2.21538932774442e-08
3.836832549991309e-09
-6.976239923299001e-09
-9.327821919341589e-09
1.710586395522854e-08
1.835304013744885e-08
-6.853273652838587e-09
-1.56115739878645e-09
2.792811697531056e-09
-2.973851185508766e-09
5.572453777718201e-10
-6.439020809659319e-10
-4.64164095156847e-09
-9.879340594067343e-10
9.518309013931729e-09
-4.232889565772919e-09
-7.802520399171353e-09
4.427407209759564e-09
1.633194128131022e-09
2.985181833434031e-09
-4.800808192261568e-09
-2.164216181738679e-09
6.342006351042778e-09
1.354811798895569e-08
-1.279463729207048e-08
-7.751054211297084e-09
-1.039778464258908e-08
3.839623260352554e-09
-1.173447056195731e-09
3.940197204563046e-09
-2.004280014532752e-09
4.381283669276797e-09
1.412033803900402e-08
-3.087230944555908e-09
-5.950362771013466e-09
5.002667480181698e-10
-4.492112890977389e-09
-8.384521582603829e-09
2.57238689831216e-09
-9.657080915893666e-09
4.80438113172575e-09
1.85796206403618e-08
5.120564501595471e-09
-2.067423307932554e-08
5.737142792657052e-09
1.792746543890713e-08
-4.784716338285922e-09
-4.65625061337165e-09
-1.53711475830699e-09
-6.191037721381801e-10
-7.142702094499963e-09
1.576795739387368e-09
-9.284105340140249e-09
5.962779519114578e-09
8.414636847848866e-09
8.386503228904207e-09
-6.378457641709202e-09
8.074968314685913e-09
8.2053328403957e-10
-2.640784221939608e-09
-1.190510812610682e-08
-1.829395908077261e-09
-1.509339928701157e-08
1.065149334782744e-08
2.931999393042599e-09
-1.542112714379889e-09
-5.764214577321715e-09
1.629595662905138e-08
5.382950315360173e-09
-1.137124252586317e-09
5.533729268334301e-10
-3.54207956736288e-09
1.11572241656914e-08
-1.436000656661846e-08
-8.252440524098041e-09
-1.898508332674337e-08
1.523301292024423e-08
6.319780750085906e-10
2.568393436648505e-08
-9.531437711952308e-09
1.22378107002186e-08
-7.417627415427043e-09
7.637304315329728e-09
-1.044169667342184e-08
-6.83177971702624e-09
-2.184826583313018e-08
1.633095298357502e-09
2.439958453341732e-08
-1.39695513639818e-08
9.642950892131784e-09
1.202361957290389e-08
2.541109674062559e-08
-2.140275500992594e-08
5.180175993894872e-09
-1.894372389136916e-08
4.544050597022987e-08
-1.549743369618553e-08
-2.174514109000872e-08
-3.922974893604558e-08
2.947930945902823e-08
-1.879372430633143e-08
2.7223339968836e-08
1.234647986589375e-08
-8.585845528052967e-09
6.381608527026279e-08
2.064081698001639e-08
-1.425672631245649e-08
-4.545793880585332e-08
2.91388825418619e-08
-1.076361909357103e-08
-2.98241363584584e-09
5.46513830347305e-08
-1.690934237016288e-08
6.304023749300845e-08
7.519868378451225e-09
1.157419722317549e-07
-8.160249229427902e-08
7.291584808292013e-09
-5.81017662746119e-08
3.493699364592896e-09
2.415508218993644e-08
-2.812128644649549e-08
2.330980934999033e-07
4.252487261718296e-07
-5.847551644975833e-07
-1.396016955189848e-06
-3.591687688213394e-06
-7.441475662413937e-06
-7.619483632219703e-06
1.575119203143359e-06
1.116957057920044e-06
3.135659144335968e-05
0.0001023428644996424
0.0003995730489647621
0.001576740312598562
0.00301687709319308
0.02017533753459955
-0.04116449123390178
0.1373855528101923
-1.104635266514244
-0.763225787768536
-1.927003628730063
-14.48887108310006
61.25638804757028
-10.20969281438996
-36.5686156471598
-0.3866339609610137
-36.98398717589872
42.95400287837934
5.82566570962188
17.43662992941227
-7.652663261131821
61.41073492322597
95.52586196371199
-35.11958116980458
-2.947589893426715
-14.40998900291102
-34.53244511067344
-66.86720308572434
-112.0731201280191
-88.43421929421054
39.9987951327731
-40.73204513062203
124.2181907747964
311.6125233970347
135.5347547932565
-217.3156227607137
217.1731641715376
0.0292790606349449
8.807896136962839
-571.3877938745861
142.2001666185875
58.13518719960041
-841.8504243815374
127.2987293811126
148.2431435299294
-28.29483724078166
614.4219641108339
-4.641058180183357
-193.0950458538825
-202.7767604590477
-167.2342602183417
-229.0864219214287
108.7974866634418
-41.61349180653511
-170.5514340308612
68.90169267542828
1655.466464850776
404.9961057531728
4.24874620364314e-06
6.051611886798792e-06
1.436458770244266e-06
-4.14794913907393e-06
-5.035417463045728e-06
2.304701202391121e-08
3.493328266154882e-06
9.62135572119731e-07
-1.463070160807515e-06
-5.842086041560088e-06
-6.811981408038729e-06
4.472448840157965e-06
7.714966075475962e-06
1.126582894890004e-06
-2.196382356527727e-05
-1.737400584823797e-05
2.288402543487738e-05
1.751144623536255e-05
0.00055425002928062
-0.0003835810464192574
0.04877208379274607
-0.008429853924670695
0.02820308917091516
0
0
0
0
-6.163836369460901e-10
-2.739641324970599e-09
6.267419339983669e-10
1.810406569289585e-09
-3.413974159321389e-09
-2.658577951353129e-09
-3.096724755013181e-09
3.354204312573936e-09
9.929140985081722e-10
3.033023641051133e-09
-2.438619279932861e-10
2.814746863850082e-09
1.719378711231563e-09
1.251314420611153e-09
-3.940254122114394e-09
-2.605459703862413e-09
-2.88746077409753e-09
9.676013996071979e-10
1.646743498997397e-09
-5.173191052476575e-09
-5.015402229531628e-10
-7.153793130402988e-09
9.918786800871336e-09
-2.507887912345129e-09
7.98649401907202e-09
-3.590248824640038e-09
1.55926864360144e-08
-3.318977028061885e-09
-7.273993636682712e-10
-2.058562976930902e-08
7.282186451434268e-09
4.440056544824348e-09
9.930977371138127e-10
8.778725886269396e-09
7.52597202416905e-09
-5.851462142594123e-09
-1.976261512770636e-09
-1.16957916321172e-09
-1.122831366783291e-08
-7.573725105055568e-09
2.904434634529827e-09
2.6169532688424e-09
2.025451415991911e-09
1.1438658737883e-08
-1.003557314278424e-09
9.29549642286106e-10
3.242726190505755e-09
-4.789246887405257e-09
-5.106913149054037e-09
1.551940968792709e-09
-8.896729870314779e-09
2.688376977438039e-09
7.213514868779712e-09
-1.91153259151556e-09
-1.318002281867965e-09
1.578099597404932e-08
-1.367727108243924e-09
-1.087541543119168e-09
-5.35397901818294e-09
-3.122537576729636e-09
-8.311165806354869e-09
6.651894867562182e-09
-3.090018803949539e-09
6.403009268521635e-10
8.964601606270309e-09
-2.792994614962051e-09
1.221010963175195e-10
3.585910456981223e-09
-4.465008496826217e-09
-9.408930573523854e-09
1.143101364424946e-08
-9.803754037160178e-09
-2.140437947992218e-09
-5.162199529826235e-09
3.323451728221351e-09
2.453511221687326e-09
5.433591742909607e-09
-1.42162088660848e-08
1.862626909334033e-08
3.772715546932381e-09
1.050344824199449e-08
-7.250254614706533e-09
1.162127566031484e-08
-1.063543518315361e-08
2.71844394770655e-09
1.209791437112496e-09
-1.029530821530462e-08
-4.207826480522073e-09
1.835836938884122e-09
-3.01504117434044e-10
-2.731809558403136e-09
6.450894863970223e-09
-2.092693542241255e-09
3.901311429802435e-09
3.492541839826814e-09
-5.483266361791766e-09
8.946946357030161e-10
-1.453631053887238e-09
1.180717548411178e-08
-1.152314359420372e-08
9.248880545323901e-09
-6.156508345116939e-09
7.811638069851581e-09
-4.474520884109403e-09
1.235135277174932e-08
8.19694371269407e-10
-1.424166126931738e-08
-6.024798775420573e-10
1.419606306120762e-08
-1.555302947551559e-08
-1.856491258202429e-08
-5.350516639371631e-10
-1.376514785037705e-08
1.063686220638949e-08
8.318188674211092e-09
7.344819953771492e-09
4.110033948541621e-10
4.102234601135477e-08
-4.833024034611383e-09
-1.800900683182877e-08
1.291688995581671e-08
9.297447348586497e-09
-3.150500239944823e-08
6.264210941977158e-09
-1.94728209530161e-08
-1.162441735972088e-08
1.53583177794762e-08
8.776865295015345e-09
-8.821785230740886e-09
-1.621409006216715e-08
3.215638951323498e-08
5.685490436749744e-09
6.545166896152427e-08
1.596930934415848e-08
-2.034549578750652e-08
1.641145012254014e-08
-1.145402083995563e-08
-3.614872326260625e-08
-7.398191933372761e-08
1.6267617408826e-07
1.353240177010112e-08
6.019193274048717e-08
9.491845030187862e-09
3.844682159202347e-08
-7.494273000104717e-08
1.898866616537187e-07
-1.046834431247535e-07
-9.061238157189436e-08
2.320033540105443e-07
1.980848461841806e-07
-2.275765322397914e-07
-3.83517868830415e-07
-4.287018856136746e-07
-3.948197690936277e-07
-1.20113909529331e-06
-3.006024069188896e-06
-2.427228129411093e-06
-6.76983053595498e-06
-1.906484518958635e-05
-3.930932744604524e-05
-1.745452892529985e-05
0.0001557788729051959
0.0007229324166882803
0.002920101804257903
0.01058567342472772
0.03586621389173941
0.09922646890460798
0.2234793464592073
0.1725743425399392
-1.353607090765862
-7.679482442489753
-29.23835759098123
-38.39210235721965
17.12557093831158
265.0256766466313
456.1023762656481
-232.0692095112275
-570.8902943997541
-253.152705954137
-56.84651336962094
-111.4242493476176
437.0416946358009
224.7785512782822
-64.62774836046621
-471.8902836228564
465.7798167957092
113.6448167259198
-5.118593439970027
-17.23441064426706
99.75305651180757
247.4005996821124
-166.1459587498965
117.0309557159906
-22.86219732434012
36.28842591486503
958.215825283899
315.0877435166549
2.500002239288889
-159.1175729996637
-163.711362733378
90.94618429655202
-69.71367609487029
-142.5029249697229
75.00774696730042
-591.3047913384496
24.92752143387474
-483.7172582776858
-268.5735227231102
-5.327421941780823
357.6129846140302
26.65373522830716
434.4939730037822
39.61929777687138
-60.05307065427002
-78.87256726508843
186.5049633457713
-145.9300773943888
4.859754431340946
947.4201217594757
-0.4791727601941602
-2.326172438986229e-06
-1.386201143085512e-06
1.891372778544732e-06
-6.662769663246398e-06
-3.501638156841627e-06
6.146544275908396e-06
1.190978558615449e-05
1.320050165784375e-05
3.868608896005137e-07
-7.449340473536466e-06
-1.016891088578541e-05
-1.628134444900387e-05
